
Beam:1
----------
Node:1
Moment:-1.4211e-17kNm
Shear:0.6kN
Tension:-7.0966e-13kPa
----------
Node:2
Moment:1.4211e-17kNm
Shear:-0.6kN
Tension:7.0966e-13kPa
----------
Node:middle/max
Moment:0.15kNm
Tension:7490.6367kPa

Pipe thickness:  5.312280e-06
IPE:  8.000000e-02
