
Beam:1
----------
Node:1
Moment:-7500kNm
Shear:450kN
Tension:-1287990.3487kPa
----------
Node:2
Moment:7500kNm
Shear:-450kN
Tension:1287990.3487kPa
----------
Node:middle/max
Moment:3750kNm
Tension:643995.1743kPa

Pipe thickness:  2.662000e-01
IPE:  8.000000e-01
