
Beam:1
----------
Node:1
Moment:-118.125kNm
Shear:-55.4625kN
Tension:-211946.7703kPa
----------
Node:2
Moment:0kNm
Shear:62.6625kN
Tension:0kPa
----------
Node:middle/max
Moment:46.4062kNm
Tension:83264.8026kPa

Pipe thickness:  1.523547e-05
IPE:  3.000000e-01
